     Temps  Consigne  Position  Commande   Courant  Vit. Axe    Moteur
        ms    degrés    degrés     Volts        mA     rad/s     rad/s
         0       0.8       0.8       0.0                        -2
        10      90.5       1.7      21.1                       118
        77      90.5       7.1      21.1                       160
       108      90.5      11.8      21.1                       199
       154      90.5      19.5      21.1                       216
       186      90.5      24.5      21.1                       231
       218      90.5      30.1      21.1                       244
       250      90.5      35.0      21.1                       254
       282      90.5      40.6      21.1                       265
       328      90.5      48.1      21.1                       272
       361      90.5      53.4      21.1                       278
       392      90.5      58.7      21.1                       290
       439      90.5      65.4      21.1                       291
       470      90.5      70.3      21.1                       297
       501      90.5      75.0      21.1                       303
       531      90.5      79.7      21.1                       308
       565      90.5      84.9      21.1                       312
       595      90.5      89.7       3.5                       224
       626      90.5      92.6     -10.1                         7
       659      90.5      91.8      -6.1                       -74
       703      90.5      90.6      -0.4                       -32
       751      90.5      89.8       3.0                         9
       797      90.5      90.0       2.2                        15
       843      90.5      90.2       1.3                         6
       873      90.5      90.2       1.3                         1
       904      90.5      90.3       0.8                        -1
       952      90.5      90.4       0.4                         1
