         0      -0.5      -0.6       3.9       700      0.00        -1
        10      -0.5      -0.6       3.9       850      0.16         0
        35      -0.3      -0.6       5.2      1000      0.16         4
        54       0.1      -0.5       5.9      1500      0.18         9
        75       0.6      -0.1       6.0      1850      0.34        18
        95       1.3       0.2       7.1      2000      0.31        29
       114       2.2       1.1       6.5      2000      0.45        39
       134       3.2       1.6       9.8      2050      0.62        48
       155       4.4       2.6      10.1      2050      0.61        59
       175       5.8       4.0       8.0      2200      1.00        73
       194       7.3       4.9      13.7      1900      0.91        86
       214       9.4       7.3      11.9      1550      1.08        90
       241      11.1       8.9      10.4      1550      1.13        99
       260      12.8      10.6      14.2      1450      1.22       104
       280      14.4      12.2      12.4      1400      1.33       103
       301      16.1      14.0      10.1      1350      1.29       105
       321      17.8      16.1       8.5      1150      1.28       107
       340      19.5      17.4      11.0      1200      1.38       103
       360      21.1      18.8      12.8      1300      1.33       104
       379      22.8      20.6      10.9      1350      1.35       110
       399      24.5      22.1      11.6      1300      1.41       115
       420      26.2      23.8      12.0      1250      1.36       119
       440      27.9      25.6      10.7      1200      1.45       123
       459      29.5      27.0      14.0      1150      1.41       125
       479      31.2      28.9      11.8      1100      1.55       126
       500      32.9      30.6      12.3      1050      1.39       128
       519      34.6      32.7       7.3      1100      1.52       130
       539      36.3      33.9      12.5      1100      1.39       133
       560      37.9      36.0       8.8      1000      1.45       134
       580      39.6      37.2      12.4      1050      1.45       136
       599      41.3      38.9      12.0       950      1.47       136
       619      43.0      40.6      14.7      1000      1.44       136
       638      44.7      42.3      11.0      1050      1.41       139
       658      46.3      43.9      12.3      1000      1.42       141
       679      48.0      45.4      13.2      1050      1.47       145
       699      49.7      47.1      13.4      1000      1.47       148
       718      51.4      48.8      12.6       750      1.44       149
       738      53.1      50.6      12.4       850      1.47       149
       759      54.7      52.2      12.4       900      1.56       153
       779      56.4      53.9      12.7       800      1.41       151
       798      58.1      56.0       8.8       950      1.46       153
       819      59.8      57.2      12.9       850      1.48       154
       839      61.4      58.9      12.5       700      1.45       155
       858      63.1      60.6      11.9       800      1.46       159
       878      64.8      62.2      13.4       750      1.45       157
       899      66.5      63.9      13.9       750      1.47       162
       919      68.2      65.6      13.6       800      1.58       160
       938      69.8      67.3      13.6       800      1.39       161
       958      71.5      69.5       7.7       850      1.47       163
       977      73.2      70.5      13.7       700      1.42       165
       997      74.9      72.2      13.0       800      1.52       173
      1018      76.6      73.9      13.1       750      1.43       170
      1038      78.2      75.9      11.0       600      1.46       169
      1057      79.9      77.3      15.2       650      1.49       169
      1078      81.6      79.0      12.2       700      1.44       170
      1098      83.1      80.8      10.4       550      1.49       167
      1117      84.5      82.3      14.1       550      1.41       164
      1137      85.9      84.1       8.8       400      1.52       156
      1158      87.0      85.6       7.6       250      1.27       149
      1176      88.0      87.4       2.9       150      1.26       133
      1197      88.8      88.2       8.7        50      1.13       115
      1217      89.5      89.3       4.2       -50      1.02        96
      1236      89.9      90.1      -3.5      -200      0.89        74
      1256      90.2      90.7      -1.5      -350      0.72        48
      1277      90.4      91.2      -1.0      -200      0.56        22
      1297      90.4      91.3      -1.6      -200      0.46         1
      1316      90.4      91.2      -2.6      -400      0.35        -7
      1337      90.4      91.2      -3.1      -900      0.29       -20
      1355      90.4      91.1      -4.4      -550      0.08       -30
      1375      90.4      91.1      -7.2      -700      0.01       -38
      1396      90.4      90.4       3.5      -300     -0.02       -35
      1416      90.4      89.9       1.8      -150      0.13       -32
      1435      90.4      89.7       0.8        50     -0.12       -17
      1456      90.4      90.4       6.2       -50     -0.03        -5
      1476      90.4      89.5       1.2        50      0.02         1
      1495      90.4      89.5       3.1       200     -0.06         4
      1515      90.4      89.8       2.3       350      0.04         6
      1535      90.4      89.5       4.8       700      0.19        16
      1554      90.4      89.8       4.0       600      0.01        26
      1575      90.4      90.7      -1.2       500      0.76        29
      1595      90.4      90.3       3.7       250     -0.40        28
